0 139.949
21.1876 238.386
35.4092 461.218
49.5712 657.663
49.8487 576.556
64.0532 -126.571
78.2633 -1877.83
92.4737 -5180.23
106.684 -10607.1
120.895 -18795.5
135.105 -30439.4
149.316 -46283.4
163.526 -67115.9
177.737 -93762.4
191.947 -127079
206.158 -167947
220.368 -217264
234.579 -275939
248.789 -344885
263 -425012
277.211 -517225
291.421 -622408
305.632 -741428
319.842 -875119
334.053 -1.02428e+06
348.263 -1.18968e+06
362.474 -1.37202e+06
376.684 -1.57196e+06
390.895 -1.79009e+06
405.105 -2.02695e+06
419.316 -2.28297e+06
433.526 -2.55853e+06
447.737 -2.85392e+06
461.948 -3.16933e+06
476.158 -3.50483e+06
490.369 -3.8604e+06
504.579 -4.23593e+06
518.79 -4.63113e+06
